35346105077521601217794894712844488923967293120021876626452698139374228231550126620470372350870479255847500719962871912173099889686525586347129315210987035722975355017320159668458457093836190706607788944718982519463995047416028804394187422412152118521141700018607712593103564843886993951986430199712384129971868677919069143619487345960201882629380249728925376812537382778391964956124290413391743957343570935441693641581922658014917421168602721757226820262988751677423531947538380898974792125201261798791344579971355519715269995921408
127600341681532739163307713905416244492715493101379874256092300493856080584041583650485809255976200769649006769538784856912416816974600977887700736012786884976308160138816839791497824390599210711203429228242953918707123332745172030987661514516643911106123229580033871139410910289322765495452404000273441968965011883465056219142381144344940211169623364446422371037553010042273500120689091628884313702864038454258883896916553824691214537936355157364265113028403027358261351771762049046181101907303616716368821263992449138688
334781735955721416212385291235115044930979635658210826231902340340231806500262745084264407182528945083215753846012082493827626612801202238927051999958487631662638024959168687152138661210231632946539420088458647299433650495626639305863986158279123757686836053733114943799923387575416192218907774041219687957207055695309655623408372524169406765231224923566117528318173195579357726244864
-1
-1
-1
-1
-1
-1
-1
